origin:
  X: 39.794760  # latitude
  Y: -86.234915 # longitude
  Z: 0.87       # altitude 