origin:
  X: 36.2720726855411  # latitude
  Y: -115.01081305539 # longitude
  Z: 594.959390774912 # altitude 
